======================= SIMULACIÓN INICIADA =======================
Matriz pesos de tamaño: 4 * 8 y de 3 * 8
NPOB:  50
NGEN:  8
Probabilidad mutacion  0.05
==================================================================
[0.32600313, 0.32600313, 0.32600313, 0.32600313, 0.32600313, 0.32600313, 0.32600313, 0.32600313, 0.32600313, 0.32600313, 0.32600313, 0.077445306, 0.32600313, 0.32600313, 0.32600313, 0.32600313, 0.32600313, 0.32600313, 0.32600313, -0.69880724, 0.32600313, 0.32600313, 0.32600313, 0.32600313, 0.32600313, 0.32600313, 0.32600313, 0.32600313, 0.32600313, 0.32600313, 0.32600313, 0.32600313, 0.32600313, 0.32600313, 0.32600313, 0.32600313, 0.32600313, 0.32600313, 0.32600313, 0.32600313, 0.32600313, 0.32600313, 0.32600313, 0.32600313, 0.32600313, 0.32600313, 0.32600313, 0.32600313, 0.32600313, 0.32600313]
0.32600313425064087
[0.9573551, -0.057510912, -0.057510912, -0.057510912, 0.9573551, -0.057510912, -0.057510912, 0.9573551, 0.9573551, -0.057510912, -0.057510912, 0.9573551, 0.4209196, -0.057510912, -0.057510912, 0.9573551, 0.9573551, -0.057510912, -0.057510912, -0.057510912, -0.057510912, -0.057510912, -0.057510912, 0.9573551, -0.057510912, 0.9573551, -0.057510912, -0.057510912, 0.9573551, -0.057510912, -0.057510912, -0.057510912, 0.9573551, -0.057510912, -0.057510912, 0.9573551, -0.057510912, 0.9573551, 0.9573551, 0.4209196, -0.057510912, 0.9573551, 0.9573551, -0.057510912, 0.9573551, 0.9573551, 0.9573551, -0.057510912, 0.9573551, -0.057510912]
-0.05751091241836548
[0.1922766, 0.1922766, 0.1922766, 0.1922766, 0.1922766, 0.1922766, 0.1922766, 0.1922766, 0.1922766, 0.1922766, 0.1922766, 0.1922766, 0.69374174, 0.1922766, 0.1922766, 0.1922766, 0.1922766, 0.1922766, 0.1922766, 0.1922766, 0.1922766, 0.1922766, 0.1922766, 0.1922766, 0.1922766, 0.1922766, 0.1922766, 0.1922766, 0.1922766, 0.1922766, 0.1922766, 0.1922766, 0.1922766, 0.1922766, 0.1922766, 0.1922766, 0.1922766, 0.1922766, 0.1922766, 0.69374174, 0.1922766, 0.1922766, 0.1922766, 0.1922766, 0.1922766, 0.1922766, 0.1922766, 0.1922766, 0.1922766, 0.1922766]
0.19227659702301025
[-0.4588389, -0.64799094, -0.4588389, -0.4588389, -0.4588389, -0.4588389, -0.4588389, -0.4588389, -0.4588389, -0.4588389, -0.24965268, -0.4588389, -0.4588389, -0.4588389, -0.4588389, -0.4588389, 0.2285695, -0.4588389, -0.4588389, -0.4588389, -0.4588389, -0.4588389, -0.4588389, -0.4588389, -0.4588389, -0.4588389, -0.4588389, -0.4588389, -0.4588389, -0.4588389, -0.4588389, -0.4588389, -0.4588389, -0.4588389, -0.4588389, -0.4588389, -0.4588389, -0.4588389, -0.4588389, -0.4588389, -0.4588389, -0.4588389, -0.4588389, -0.4588389, -0.2267889, -0.4588389, -0.4588389, -0.4588389, -0.4588389, -0.4588389]
-0.45883890986442566
[-0.44415712, -0.44415712, 0.36185563, -0.44415712, -0.44415712, -0.44415712, -0.44415712, -0.44415712, -0.44415712, -0.44415712, -0.44415712, -0.44415712, -0.44415712, -0.44415712, -0.44415712, -0.44415712, -0.44415712, -0.44415712, -0.44415712, 0.31715, -0.44415712, -0.44415712, -0.44415712, -0.44415712, 0.7616735, -0.44415712, -0.44415712, -0.2097746, -0.44415712, -0.44415712, -0.44415712, -0.44415712, -0.44415712, 0.7616735, -0.44415712, -0.44415712, -0.44415712, -0.44415712, -0.44415712, -0.44415712, -0.44415712, -0.44415712, -0.44415712, -0.44415712, -0.44415712, -0.44415712, -0.44415712, -0.44415712, -0.44415712, -0.44415712]
-0.44415712356567383
[-0.46136248, -0.46136248, -0.46136248, -0.46136248, -0.46136248, -0.46136248, -0.46136248, -0.46136248, -0.46136248, -0.46136248, -0.46136248, -0.46136248, -0.46136248, -0.13837977, -0.46136248, -0.46136248, -0.46136248, -0.46136248, -0.46136248, -0.46136248, -0.46136248, -0.46136248, -0.46136248, -0.46136248, -0.46136248, -0.46136248, -0.46136248, -0.46136248, 0.4615858, -0.46136248, -0.46136248, -0.5593089, 0.4615858, -0.46136248, -0.46136248, -0.46136248, -0.46136248, -0.46136248, -0.46136248, -0.46136248, -0.46136248, -0.46136248, -0.46136248, -0.46136248, -0.46136248, -0.46136248, -0.46136248, -0.46136248, -0.46136248, -0.46136248]
-0.46136248111724854
[-0.11586285, -0.11586285, 0.39471325, -0.11586285, -0.11586285, -0.11586285, -0.11586285, -0.11586285, -0.11586285, -0.11586285, -0.11586285, -0.11586285, -0.11586285, -0.11586285, -0.11586285, -0.11586285, -0.11586285, -0.11586285, -0.11586285, -0.11586285, -0.11586285, -0.11586285, -0.11586285, -0.11586285, -0.11586285, -0.11586285, -0.11586285, -0.11586285, 0.40875396, -0.11586285, -0.11586285, -0.11586285, 0.40875396, -0.11586285, -0.11586285, -0.11586285, -0.11586285, -0.11586285, -0.11586285, -0.11586285, -0.11586285, -0.11586285, -0.11586285, -0.11586285, -0.11586285, -0.11586285, -0.11586285, -0.11586285, -0.11586285, -0.11586285]
-0.11586284637451172
[0.47464564, -0.6371992, -0.09291013, 0.47464564, 0.47464564, 0.47464564, 0.47464564, 0.47464564, 0.47464564, 0.47464564, 0.47464564, -0.927656, 0.47464564, 0.47464564, 0.47464564, 0.47464564, 0.47464564, 0.47464564, 0.47464564, -0.71472657, 0.47464564, -0.42145565, 0.47464564, 0.47464564, 0.47464564, 0.47464564, 0.47464564, 0.47464564, 0.47464564, 0.47464564, 0.47464564, 0.47464564, -0.5137632, 0.47464564, 0.47464564, 0.47464564, 0.47464564, 0.47464564, 0.47464564, 0.47464564, 0.09934032, 0.47464564, 0.47464564, -0.42145565, 0.47464564, 0.47464564, 0.47464564, 0.09934032, 0.47464564, -0.6371992]
0.4746456444263458
[-0.10081762, -0.10081762, -0.10081762, -0.10081762, -0.10081762, -0.10081762, -0.10081762, -0.10081762, -0.10081762, -0.10081762, -0.10081762, -0.10081762, 0.75084263, -0.10081762, 0.8256335, -0.10081762, -0.10081762, -0.10081762, -0.10081762, -0.10081762, -0.10081762, -0.10081762, -0.10081762, -0.10081762, -0.10081762, 0.22191975, -0.10081762, -0.10081762, -0.10081762, -0.10081762, -0.10081762, -0.10081762, -0.10081762, -0.10081762, -0.10081762, -0.10081762, -0.10081762, -0.10081762, -0.10081762, 0.75084263, -0.10081762, -0.10081762, -0.10081762, -0.10081762, -0.10081762, -0.10081762, -0.10081762, -0.10081762, -0.10081762, -0.10081762]
-0.10081762075424194
[-0.24092638, -0.23047037, -0.24092638, -0.24092638, -0.24092638, -0.24092638, -0.017156105, -0.24092638, -0.24092638, -0.24092638, -0.24092638, -0.24092638, -0.16816962, -0.24092638, -0.24092638, -0.24092638, -0.24092638, -0.24092638, -0.24092638, -0.24092638, -0.24092638, -0.24092638, -0.24092638, -0.24092638, -0.24092638, -0.24092638, -0.017156105, -0.24092638, -0.24092638, -0.24092638, -0.24092638, -0.24092638, -0.24092638, -0.24092638, -0.24092638, -0.24092638, -0.017156105, -0.24092638, -0.24092638, -0.24092638, -0.24092638, -0.24092638, -0.24092638, -0.24092638, -0.24092638, -0.24092638, -0.24092638, -0.24092638, -0.24092638, -0.23047037]
-0.24092638492584229
[-0.34929192, -0.34929192, -0.34929192, -0.34929192, -0.3546044, -0.34929192, -0.34929192, -0.34929192, -0.34929192, -0.75623244, -0.34929192, -0.34929192, -0.34929192, -0.34929192, -0.34929192, -0.34929192, -0.34929192, -0.34929192, -0.34929192, -0.34929192, -0.34929192, -0.34929192, -0.34929192, -0.34929192, -0.34929192, -0.34929192, -0.34929192, -0.34929192, -0.5117133, -0.34929192, -0.34929192, -0.34929192, -0.5117133, -0.34929192, -0.34929192, -0.34929192, -0.34929192, -0.34929192, -0.34929192, -0.34929192, -0.34929192, -0.34929192, -0.34929192, -0.34929192, -0.34929192, -0.34929192, -0.34929192, -0.34929192, -0.34929192, -0.34929192]
-0.34929192066192627
[-0.797424, -0.05622777, -0.797424, -0.797424, -0.797424, -0.797424, -0.797424, -0.797424, -0.797424, 0.48655465, -0.797424, -0.797424, -0.797424, -0.797424, -0.797424, -0.8141841, -0.797424, -0.797424, -0.797424, -0.797424, -0.797424, -0.797424, -0.797424, -0.797424, -0.797424, -0.797424, -0.797424, -0.797424, -0.797424, -0.797424, -0.797424, -0.797424, -0.797424, -0.797424, -0.797424, -0.797424, -0.797424, -0.797424, -0.797424, -0.797424, -0.797424, -0.797424, -0.797424, -0.797424, -0.797424, -0.797424, -0.797424, -0.797424, -0.797424, -0.05622777]
-0.7974240183830261
[0.3806762, 0.3806762, -0.3740482, 0.3806762, 0.3806762, 0.3806762, 0.3806762, 0.3806762, 0.3806762, 0.3806762, -0.15939227, 0.3806762, 0.3806762, 0.3806762, 0.3806762, -0.64180773, 0.3806762, 0.3806762, 0.3806762, -0.2854584, 0.3806762, 0.3806762, 0.3806762, 0.3806762, 0.6051468, 0.3806762, 0.3806762, 0.3806762, 0.3806762, 0.3806762, 0.3806762, 0.3806762, 0.3806762, 0.6051468, 0.82451016, 0.3806762, 0.3806762, 0.3806762, 0.3806762, 0.3806762, 0.3806762, 0.3806762, 0.3806762, 0.3806762, 0.3806762, 0.3806762, 0.3806762, 0.3806762, 0.3806762, 0.3806762]
0.3806762099266052
[0.63233453, 0.63233453, 0.63233453, 0.63233453, 0.63233453, 0.63233453, 0.63233453, 0.63233453, 0.63233453, -0.08794581, 0.63233453, 0.63233453, 0.63233453, 0.25383046, 0.63233453, 0.63233453, 0.63233453, 0.63233453, 0.63233453, 0.63233453, 0.63233453, 0.63233453, 0.63233453, 0.63233453, 0.63233453, 0.63233453, 0.63233453, 0.63233453, 0.63233453, 0.63233453, 0.63233453, 0.63233453, 0.63233453, 0.63233453, 0.63233453, 0.63233453, 0.63233453, 0.63233453, 0.63233453, 0.63233453, 0.63233453, 0.63233453, 0.5382622, 0.63233453, -0.6748846, 0.63233453, 0.63233453, 0.63233453, 0.63233453, 0.63233453]
0.6323345303535461
[0.30062085, 0.30062085, 0.30062085, 0.30062085, 0.30062085, -0.9987512, 0.30062085, 0.30062085, 0.30062085, 0.30062085, 0.30062085, 0.30062085, 0.30062085, 0.30062085, 0.30062085, 0.30062085, 0.30062085, 0.30062085, 0.30062085, 0.30062085, 0.30062085, 0.30062085, 0.30062085, 0.30062085, 0.30062085, 0.30062085, 0.30062085, 0.30062085, 0.30062085, 0.30062085, 0.30062085, 0.30062085, 0.30062085, 0.30062085, 0.30062085, 0.30062085, 0.30062085, 0.30062085, 0.30062085, 0.30062085, 0.30062085, 0.30062085, 0.30062085, 0.30062085, 0.30062085, 0.30062085, 0.30062085, 0.30062085, 0.30062085, 0.30062085]
0.3006208539009094
[-0.06752229, -0.06752229, -0.06752229, -0.06752229, -0.06752229, -0.23315966, -0.06752229, -0.06752229, -0.06752229, -0.2393329, -0.06752229, -0.06752229, -0.06752229, -0.06752229, -0.06752229, -0.06752229, -0.06752229, -0.06752229, -0.06752229, -0.06752229, -0.06752229, -0.06752229, -0.06752229, -0.06752229, -0.06752229, -0.06752229, -0.06752229, -0.06752229, -0.06752229, -0.06752229, 0.7057281, -0.06752229, -0.06752229, -0.06752229, -0.06752229, -0.06752229, -0.06752229, -0.06752229, -0.06752229, -0.06752229, -0.06752229, -0.06752229, -0.06752229, -0.06752229, -0.06752229, -0.06752229, -0.06752229, -0.06752229, -0.06752229, -0.06752229]
-0.06752228736877441
[-0.65765905, -0.65765905, 0.14918458, -0.65765905, -0.65765905, -0.65765905, -0.65765905, -0.65765905, -0.65765905, -0.65765905, -0.65765905, -0.65765905, -0.65765905, -0.65765905, -0.65765905, -0.65765905, -0.65765905, -0.65765905, -0.65765905, -0.65765905, -0.65765905, -0.65765905, -0.65765905, -0.65765905, -0.65765905, -0.65765905, -0.65765905, -0.65765905, -0.65765905, -0.65765905, -0.65765905, -0.65765905, -0.65765905, -0.65765905, 0.017505158, -0.65765905, -0.65765905, -0.65765905, -0.65765905, -0.65765905, -0.65765905, -0.65765905, -0.65765905, -0.65765905, -0.65765905, -0.65765905, -0.65765905, -0.65765905, -0.65765905, -0.65765905]
-0.6576590538024902
[0.6908124, 0.6908124, 0.6908124, 0.6908124, 0.6908124, 0.6908124, 0.6908124, 0.6908124, 0.6908124, 0.6908124, 0.6908124, 0.6908124, 0.6908124, 0.6908124, -0.022424212, 0.6908124, 0.6908124, 0.6908124, 0.6908124, 0.6908124, 0.9467156, 0.9467156, 0.6908124, 0.6908124, 0.6908124, 0.6908124, 0.6908124, 0.6908124, 0.6908124, 0.6908124, 0.6908124, 0.6908124, 0.6908124, 0.6908124, 0.6908124, 0.6908124, 0.6908124, 0.6908124, 0.6908124, 0.6908124, 0.6908124, 0.6908124, 0.6908124, 0.9467156, 0.6908124, 0.6908124, 0.6908124, 0.6908124, 0.6908124, 0.6908124]
0.6908124089241028
[-0.60734874, -0.60734874, -0.60734874, -0.60734874, -0.60734874, -0.60734874, -0.60734874, -0.60734874, -0.60734874, -0.60734874, -0.60734874, 0.5490742, -0.60734874, -0.60734874, -0.60734874, -0.60734874, -0.60734874, -0.63446647, -0.60734874, 0.54537123, -0.60734874, -0.60734874, -0.60734874, -0.60734874, -0.60734874, -0.60734874, -0.60734874, -0.60734874, -0.60734874, -0.60734874, -0.60734874, -0.60734874, -0.60734874, -0.60734874, 0.757581, -0.60734874, -0.60734874, -0.60734874, -0.60734874, -0.60734874, -0.60734874, -0.60734874, -0.60734874, -0.60734874, -0.60734874, -0.60734874, -0.60734874, -0.60734874, -0.60734874, -0.60734874]
-0.6073487401008606
[-0.6635647, 0.72160226, -0.6635647, -0.6635647, -0.6635647, -0.6635647, -0.6635647, -0.6635647, -0.6635647, 0.05656968, -0.6635647, -0.6635647, -0.6635647, -0.6635647, -0.6635647, -0.6635647, -0.5357065, -0.26960137, -0.6635647, -0.6635647, -0.6635647, -0.6635647, -0.6635647, -0.6635647, -0.6635647, -0.6635647, -0.6635647, -0.6635647, -0.6635647, -0.6635647, -0.6635647, -0.6635647, -0.8419761, -0.6635647, -0.6635647, -0.5357065, -0.6635647, -0.6635647, -0.6635647, -0.6635647, -0.6635647, -0.6635647, -0.6635647, -0.6635647, -0.6635647, -0.5357065, -0.6635647, -0.6635647, -0.6635647, -0.42758453]
-0.6635646820068359
[-0.1823659, 0.23010348, -0.4426211, -0.1823659, -0.1823659, -0.1823659, -0.1823659, -0.1823659, -0.1823659, 0.6414047, -0.1823659, -0.1823659, -0.1823659, -0.1823659, -0.1823659, -0.1823659, -0.1823659, -0.1823659, -0.1823659, -0.1823659, -0.1823659, -0.1823659, -0.1823659, -0.1823659, -0.1823659, -0.13631578, -0.1823659, -0.1823659, -0.1823659, -0.1823659, -0.1823659, -0.1823659, -0.1823659, -0.1823659, -0.1823659, -0.1823659, -0.1823659, -0.1823659, -0.1823659, -0.1823659, -0.1823659, -0.1823659, -0.1823659, -0.1823659, -0.1823659, -0.1823659, -0.1823659, -0.1823659, -0.1823659, 0.23010348]
-0.18236589431762695
[-0.69660765, 0.58975947, -0.69660765, -0.69660765, -0.69660765, -0.69660765, -0.69660765, -0.69660765, -0.69660765, -0.69660765, -0.69660765, -0.69660765, -0.69660765, -0.69660765, -0.69660765, -0.69660765, 0.8665008, -0.69660765, -0.69660765, -0.69660765, -0.69660765, -0.69660765, -0.69660765, -0.69660765, -0.69660765, -0.69660765, -0.69660765, -0.69660765, -0.69660765, -0.69660765, -0.69660765, -0.69660765, -0.69660765, -0.69660765, -0.69660765, -0.69660765, -0.69660765, -0.69660765, -0.69660765, -0.69660765, -0.69660765, -0.69660765, -0.69660765, -0.69660765, -0.69660765, 0.8665008, -0.69660765, -0.69660765, -0.69660765, -0.69660765]
-0.6966076493263245
[-0.29013586, -0.29013586, -0.033473063, -0.29013586, -0.29013586, -0.29013586, -0.29013586, -0.29013586, -0.29013586, -0.29013586, -0.29013586, 0.76281303, -0.29013586, -0.29013586, -0.29013586, -0.29013586, 0.5941024, -0.29013586, -0.29013586, -0.29013586, -0.29013586, -0.29013586, -0.29013586, -0.29013586, -0.29013586, -0.29013586, -0.29013586, -0.29013586, -0.29013586, -0.25358358, -0.29013586, -0.29013586, -0.29013586, -0.29013586, -0.29013586, 0.5941024, -0.29013586, -0.29013586, 0.76281303, -0.29013586, -0.29013586, -0.29013586, -0.29013586, -0.29013586, -0.29013586, 0.5941024, -0.29013586, -0.29013586, -0.29013586, -0.29013586]
-0.29013586044311523
[-0.6004626, -0.6004626, -0.6004626, -0.6004626, -0.6004626, -0.6004626, -0.6004626, -0.6004626, -0.6004626, -0.6004626, -0.6004626, -0.6004626, -0.6004626, -0.6004626, -0.6004626, -0.6004626, -0.6004626, -0.6004626, -0.6004626, -0.6004626, -0.6004626, -0.6004626, -0.6004626, -0.6004626, -0.6004626, -0.6004626, -0.6004626, -0.6004626, -0.6004626, -0.6004626, -0.6004626, -0.6004626, -0.6004626, -0.6004626, -0.6004626, -0.6004626, -0.6004626, -0.6004626, -0.6004626, -0.6004626, -0.6004626, -0.6004626, -0.6004626, -0.6004626, -0.6004626, -0.6004626, -0.6004626, -0.6004626, -0.6004626, -0.6004626]
-0.6004626154899597
[0.14814441, 0.14814441, 0.14814441, 0.14814441, 0.14814441, 0.14814441, 0.14814441, 0.14814441, 0.14814441, 0.14814441, 0.14814441, 0.14814441, 0.14814441, 0.14814441, 0.14814441, 0.14814441, 0.14814441, 0.14814441, 0.14814441, 0.14814441, 0.14814441, 0.14814441, 0.14814441, 0.14814441, 0.14814441, 0.14814441, 0.14814441, 0.14814441, 0.14814441, 0.14814441, 0.14814441, 0.14814441, 0.14814441, 0.14814441, 0.14814441, 0.14814441, 0.14814441, 0.14814441, 0.14814441, 0.14814441, -0.7128682, 0.14814441, 0.14814441, 0.14814441, 0.14814441, 0.14814441, 0.14814441, 0.14814441, 0.14814441, 0.14814441]
0.1481444090604782
[-0.98891586, -0.98891586, 0.6661116, -0.98891586, -0.98891586, -0.98891586, -0.98891586, -0.98891586, -0.98891586, -0.98891586, -0.98891586, -0.98891586, -0.98891586, -0.98891586, -0.98891586, -0.98891586, -0.98891586, -0.98891586, -0.98891586, -0.98891586, -0.98891586, -0.98891586, -0.98891586, -0.98891586, -0.98891586, -0.98891586, -0.98891586, -0.98891586, -0.98891586, -0.98891586, -0.98891586, -0.98891586, -0.98891586, -0.98891586, -0.98891586, -0.98891586, -0.98891586, -0.98891586, -0.98891586, -0.98891586, -0.65030783, -0.98891586, -0.98891586, -0.98891586, -0.98891586, -0.98891586, -0.98891586, -0.65030783, -0.98891586, -0.98891586]
-0.9889158606529236
[-0.2983577, -0.2983577, -0.2983577, -0.2983577, -0.2983577, -0.2983577, -0.2983577, -0.2983577, -0.2983577, -0.2983577, -0.2983577, -0.2983577, -0.2983577, -0.2983577, -0.2983577, -0.2983577, -0.2983577, -0.2983577, -0.2983577, -0.031187065, -0.016254207, -0.016254207, -0.2983577, -0.2983577, -0.2983577, -0.2983577, -0.2983577, -0.2983577, -0.2983577, -0.2983577, -0.2983577, 0.23911448, -0.2983577, -0.2983577, -0.2983577, -0.2983577, -0.2983577, -0.2983577, -0.2983577, -0.2983577, 0.7125758, -0.2983577, -0.2983577, -0.016254207, -0.2983577, -0.2983577, -0.2983577, 0.7125758, -0.2983577, -0.2983577]
-0.29835769534111023
[-0.7838082, -0.7223287, -0.8349218, -0.7223287, 0.119610414, -0.7223287, 0.671142, -0.7838082, -0.7838082, -0.7223287, -0.7223287, -0.7838082, 0.9679531, -0.7223287, -0.7223287, -0.7838082, -0.7838082, -0.7223287, -0.7223287, -0.7223287, -0.7223287, -0.7223287, -0.7223287, -0.7838082, -0.7223287, -0.7838082, 0.671142, -0.7223287, -0.7838082, -0.7223287, -0.7223287, -0.7223287, -0.7838082, -0.7223287, -0.7223287, -0.7838082, 0.671142, -0.7838082, -0.7838082, -0.7838082, -0.7223287, -0.7838082, -0.7838082, -0.7223287, -0.7838082, -0.7838082, -0.7838082, -0.7223287, -0.7838082, -0.7223287]
-0.7223287224769592
[0.62896115, 0.62896115, 0.62896115, 0.62896115, 0.62896115, 0.62896115, 0.62896115, 0.62896115, 0.62896115, 0.62896115, 0.62896115, 0.62896115, 0.62896115, 0.62896115, 0.62896115, 0.62896115, 0.62896115, 0.62896115, 0.62896115, 0.62896115, 0.62896115, 0.62896115, 0.62896115, 0.62896115, 0.31221992, -0.38021928, 0.62896115, 0.62896115, 0.62896115, 0.62896115, 0.62896115, 0.62896115, 0.62896115, 0.62896115, 0.62896115, 0.62896115, 0.62896115, 0.62896115, 0.62896115, 0.62896115, 0.62896115, 0.62896115, 0.62896115, 0.62896115, 0.62896115, 0.62896115, 0.62896115, 0.62896115, 0.62896115, 0.62896115]
0.6289611458778381
[-0.823601, -0.823601, -0.823601, -0.823601, -0.823601, -0.823601, -0.823601, -0.823601, -0.823601, -0.823601, -0.823601, -0.823601, -0.823601, -0.823601, -0.823601, -0.823601, -0.823601, -0.823601, -0.823601, -0.823601, -0.823601, -0.823601, -0.823601, -0.823601, -0.823601, -0.823601, -0.823601, -0.823601, -0.823601, -0.823601, -0.823601, -0.8301892, -0.823601, -0.823601, -0.823601, -0.823601, -0.823601, -0.823601, -0.823601, -0.823601, -0.823601, -0.823601, -0.823601, -0.823601, -0.823601, -0.823601, -0.823601, -0.823601, -0.823601, -0.823601]
-0.8236010074615479
[-0.5906849, 0.042362686, 0.753589, -0.5906849, -0.5906849, -0.5906849, -0.5906849, -0.5906849, -0.5906849, -0.5906849, -0.5906849, -0.5906849, -0.5906849, -0.5906849, -0.5906849, -0.5906849, -0.5906849, -0.5906849, -0.5906849, -0.5906849, -0.5906849, -0.5906849, -0.5906849, -0.5906849, -0.5906849, -0.5906849, -0.5906849, -0.5906849, -0.5906849, -0.5906849, -0.5906849, -0.5906849, 0.35386914, -0.5906849, -0.5906849, -0.5906849, -0.5906849, -0.5906849, -0.5906849, -0.5906849, -0.5906849, -0.5906849, -0.5906849, -0.5906849, -0.5906849, -0.5906849, -0.5906849, -0.5906849, -0.5906849, 0.042362686]
-0.5906848907470703
[0.22629368, 0.22629368, 0.0818115, 0.22629368, 0.22629368, 0.22629368, 0.22629368, 0.22629368, 0.22629368, 0.22629368, 0.22629368, 0.22629368, 0.22629368, 0.22629368, 0.22629368, 0.22629368, -0.7029299, 0.22629368, 0.22629368, 0.22629368, 0.22629368, 0.22629368, 0.22629368, 0.22629368, 0.22629368, 0.22629368, 0.22629368, 0.22629368, -0.39034784, 0.22629368, 0.22629368, 0.22629368, -0.39034784, 0.22629368, 0.22629368, 0.22629368, 0.22629368, 0.22629368, 0.22629368, 0.22629368, 0.22629368, 0.22629368, 0.22629368, 0.22629368, 0.22629368, -0.7029299, 0.22629368, 0.22629368, 0.22629368, 0.22629368]
0.226293683052063
======================= RESUMEN =======================
Nº generacion 10
Mejor individuo tiene:  106.94999999999999
Hay  1 con el mejor fitness, lo cual es un  2.0 %
El cromosoma consenso tiene de fitness  82.95
=======================================================
Generacion  16
